28475255
28475256
28475257
28475258
28475259
28475260
28475261
28475262
28475263
28475264
28475265
28475266
28475267
28475268
28475269
28475270
28475271
28475272
28475273
28475274
28475275
28475276
28475277
28475278
28475279
28475280
28475281
28475282
28475283
28475284
28475285
28475286
28475287
28475288
28475289
28475290
28475291
28475292
28475293
28475294
28475295
28475296
28475297
28475298
28475299
28475300
28475301
28475302
28475303
28475304
28475305
28475306
28475307
28475308
28475309
28475310
28475311
28475312
28475313
28475314
28475315
28475316
28475317
28475318
28475319
28475320
28475321
28475322
28475323
28475324
28475325
28475326
28475327
28475328
28475329
28475330
28475331
28475332
28475333
28475334
28475335
28475336
28475337
28475338
28475339
28475340
28475341
28475342
28475343
28475344
28475345
28475346
28475347
28475348
28475349
28475350
28475351
28475352
28475353
28475354
28475355
28475356
28475357
28475358
28475359
28475360
28475361
28475362
28475363
28475364
28475365
28475366
28475367
28475368
28475369
28475370
28475371
28475372
28475373
28475374
28475375
28475376
28475377
28475378
28475379
28475380
28475381
28475382
28475383
28475384
28475385
28475386
28475387
28475388
28475389
28475390
28475391
28475392
28475393
28475394
28475395
28475396
28475397
28475398
28475399
28475400
28475401
28475402
28475403
28475404
28475405
28475406
28475407
28475408
28475409
28475410
28475411
28475412
28475413
28475414
28475415
28475416
28475417
28475418
28475419
28475420
28475421
28475422
28475423
28475424
28475425
28475426
28475427
28475428
28475429
28475430
28475431
28475432
28475433
28475434
28475435
28475436
28475437
28475438
28475439
28475440
28475441
28475442
28475443
28475444
28475445
28475446
28475447
28475448
28475449
28475450
28475451
28475452
28475453
28475454
28475455
28475456
28475457
28475458
28475459
28475460
28475461
28475462
28475463
28475464
28475465
28475466
28475467
28475468
28475469
28475470
28475471
28475472
28475473
28475474
28475475
28475476
28475477
28475478
28475479
28475480
28475481
28475482
28475483
28475484
28475485
28475486
28475487
28475488
28475489
28475490
28475491
28475492
28475493
28475494
28475495
28475496
28475497
28475498
28475499
28475500
28475501
28475502
28475503
28475504
28475505
28475506
28475507
28475508
28475509
28475510
28475511
28475512
28475513
28475514
28475515
28475516
28475517
28475518
28475519
28475520
28475521
28475522
28475523
28475524
28475525
28475526
28475527
28475528
28475529
28475530
28475531
28475532
28475533
28475534
28475535
28475536
28475537
28475538
28475539
28475540
28475541
28475542
28475543
28475544
28475545
28475546
28475547
28475548
28475549
28475550
28475551
28475552
28475553
28475554
28475555
28475556
28475557
28475558
28475559
28475560
28475561
28475562
28475563
28475564
28475565
28475566
28475567
28475568
28475569
28475570
28475571
28475572
28475573
28475574
28475575
28475576
28475577
28475578
28475579
28475580
28475581
28475582
28475583
28475584
28475585
28475586
28475587
28475588
28475589
28475590
28475591
28475592
28475593
28475594
28475595
28475596
28475597
28475598
28475599
28475600
28475601
28475602
28475603
28475604
28475605
28475606
28475607
28475608
28475609
28475610
28475611
28475612
28475613
28475614
28475615
28475616
28475617
28475618
28475619
28475620
28475621
28475622
28475623
28475624
28475625
28475626
28475627
28475628
28475629
28475630
28475631
28475632
28475633
28475634
28475635
28475636
28475637
28475638
28475639
28475640
28475641
28475642
28475643
28475644
28475645
28475646
28475647
28475648
28475649
28475650
28475651
28475652
28475653
28475654
28475655
28475656
28475657
28475658
28475659
28475660
28475661
28475662
28475663
28475664
28475665
28475666
28475667
28475668
28475669
28475670
28475671
28475672
28475673
28475674
28475675
28475676
28475677
28475678
28475679
28475680
28475681
28475682
28475683
28475684
28475685
28475686
28475687
28475688
28475689
28475690
28475691
28475692
28475693
28475694
28475695
28475696
28475697
28475698
28475699
28475700
28475701
28475702
28475703
28475704
28475705
28475706
28475707
28475708
28475709
28475710
28475711
28475712
28475713
28475714
28475715
28475716
28475717
28475718
28475719
28475720
28475721
28475722
28475723
28475724
28475725
28475726
28475727
28475728
28475729
28475730
28475731
28475732
28475733
28475734
28475735
28475736
28475737
28475738
28475739
28475740
28475741
28475742
28475743
28475744
28475745
28475746
28475747
28475748
28475750
28596275
28596276
28596277
28596278
28596279
28596280
28596281
28596282
28596283
28596284
28596285
28596286
28596287
28596288
28596289
28596290
28596291
28596292
28596293
28596294
28596295
28596296
28596297
28596298
28596299
28596300
28596301
28596302
28596303
28596304
28596305
28596306
28596307
28596308
28596309
28596310
28596311
28596312
28596313
28596314
28596315
28596316
28596317
28596318
28596319
28596320
28596321
28596322
28596323
28596324
28596325
28596326
28596327
28596328
28596329
28596330
28596331
28596332
28596333
28596334
28596335
28596336
28596337
28596338
28596339
28596340
28596341
28596342
28596343
28596344
28596345
28596346
28596347
28596348
28596349
28596350
28596351
28596352
28596353
28596354
28596355
28596356
28596357
28596358
28596359
28596360
28596361
28596362
28596363
28596364
28596365
28596366
28596367
28596368
28596369
28596370
28596371
28596372
28596373
28596374
28596375
28596376
28596377
28596378
28596379
28596380
28596381
28596382
28596383
28596384
28596385
28596386
28596387
28596388
28596389
28596390
28616737
28616738
29316076
30322934
30322935
33812257
33812258
33812260
